{
  "transitions": {
    "0": [
      [
        0.06896551724137931,
        0.13793103448275862,
        0.06896551724137931,
        0.1724137931034483,
        0.06896551724137931,
        0.10344827586206896,
        0.10344827586206896,
        0.10344827586206896,
        0.06896551724137931,
        0.10344827586206896
      ],
      [
        0.19230769230769232,
        0.15384615384615385,
        0.07692307692307693,
        0.038461538461538464,
        0.038461538461538464,
        0.11538461538461539,
        0.038461538461538464,
        0.11538461538461539,
        0.15384615384615385,
        0.07692307692307693
      ],
      [
        0.13333333333333333,
        0.03333333333333333,
        0.13333333333333333,
        0.06666666666666667,
        0.03333333333333333,
        0.1,
        0.13333333333333333,
        0.06666666666666667,
        0.1,
        0.2
      ],
      [
        0.05555555555555555,
        0.08333333333333333,
        0.1388888888888889,
        0.1388888888888889,
        0.08333333333333333,
        0.1388888888888889,
        0.1388888888888889,
        0.08333333333333333,
        0.05555555555555555,
        0.08333333333333333
      ],
      [
        0.08,
        0.08,
        0.2,
        0.12,
        0.04,
        0.12,
        0.04,
        0.12,
        0.08,
        0.12
      ],
      [
        0.06666666666666667,
        0.13333333333333333,
        0.1,
        0.13333333333333333,
        0.13333333333333333,
        0.06666666666666667,
        0.1,
        0.03333333333333333,
        0.2,
        0.03333333333333333
      ],
      [
        0.1,
        0.03333333333333333,
        0.03333333333333333,
        0.1,
        0.13333333333333333,
        0.03333333333333333,
        0.2,
        0.1,
        0.13333333333333333,
        0.13333333333333333
      ],
      [
        0.12,
        0.04,
        0.08,
        0.08,
        0.12,
        0.12,
        0.12,
        0.08,
        0.12,
        0.12
      ],
      [
        0.09090909090909091,
        0.09090909090909091,
        0.12121212121212122,
        0.18181818181818182,
        0.09090909090909091,
        0.06060606060606061,
        0.06060606060606061,
        0.09090909090909091,
        0.09090909090909091,
        0.12121212121212122
      ],
      [
        0.05714285714285714,
        0.08571428571428572,
        0.05714285714285714,
        0.17142857142857143,
        0.08571428571428572,
        0.14285714285714285,
        0.05714285714285714,
        0.05714285714285714,
        0.11428571428571428,
        0.17142857142857143
      ]
    ],
    "1": [
      [
        0.06666666666666667,
        0.06666666666666667,
        0.13333333333333333,
        0.1,
        0.06666666666666667,
        0.03333333333333333,
        0.13333333333333333,
        0.1,
        0.1,
        0.2
      ],
      [
        0.06666666666666667,
        0.06666666666666667,
        0.16666666666666666,
        0.1,
        0.06666666666666667,
        0.1,
        0.1,
        0.1,
        0.1,
        0.13333333333333333
      ],
      [
        0.041666666666666664,
        0.20833333333333334,
        0.041666666666666664,
        0.125,
        0.041666666666666664,
        0.041666666666666664,
        0.041666666666666664,
        0.125,
        0.125,
        0.20833333333333334
      ],
      [
        0.16666666666666666,
        0.03333333333333333,
        0.06666666666666667,
        0.1,
        0.16666666666666666,
        0.06666666666666667,
        0.06666666666666667,
        0.13333333333333333,
        0.06666666666666667,
        0.13333333333333333
      ],
      [
        0.09375,
        0.09375,
        0.0625,
        0.09375,
        0.09375,
        0.0625,
        0.0625,
        0.09375,
        0.1875,
        0.15625
      ],
      [
        0.12903225806451613,
        0.12903225806451613,
        0.03225806451612903,
        0.12903225806451613,
        0.16129032258064516,
        0.1935483870967742,
        0.06451612903225806,
        0.0967741935483871,
        0.03225806451612903,
        0.03225806451612903
      ],
      [
        0.17391304347826086,
        0.13043478260869565,
        0.043478260869565216,
        0.08695652173913043,
        0.08695652173913043,
        0.17391304347826086,
        0.043478260869565216,
        0.08695652173913043,
        0.08695652173913043,
        0.08695652173913043
      ],
      [
        0.03333333333333333,
        0.1,
        0.06666666666666667,
        0.06666666666666667,
        0.13333333333333333,
        0.2,
        0.1,
        0.1,
        0.03333333333333333,
        0.16666666666666666
      ],
      [
        0.10714285714285714,
        0.03571428571428571,
        0.10714285714285714,
        0.03571428571428571,
        0.14285714285714285,
        0.14285714285714285,
        0.03571428571428571,
        0.14285714285714285,
        0.10714285714285714,
        0.14285714285714285
      ],
      [
        0.12195121951219512,
        0.12195121951219512,
        0.0975609756097561,
        0.14634146341463414,
        0.0975609756097561,
        0.04878048780487805,
        0.0975609756097561,
        0.04878048780487805,
        0.0975609756097561,
        0.12195121951219512
      ]
    ],
    "2": [
      [
        0.06896551724137931,
        0.06896551724137931,
        0.13793103448275862,
        0.1724137931034483,
        0.034482758620689655,
        0.13793103448275862,
        0.10344827586206896,
        0.10344827586206896,
        0.10344827586206896,
        0.06896551724137931
      ],
      [
        0.07142857142857142,
        0.03571428571428571,
        0.07142857142857142,
        0.07142857142857142,
        0.14285714285714285,
        0.03571428571428571,
        0.07142857142857142,
        0.17857142857142858,
        0.17857142857142858,
        0.14285714285714285
      ],
      [
        0.1388888888888889,
        0.08333333333333333,
        0.08333333333333333,
        0.08333333333333333,
        0.1388888888888889,
        0.1388888888888889,
        0.08333333333333333,
        0.1111111111111111,
        0.1111111111111111,
        0.027777777777777776
      ],
      [
        0.06896551724137931,
        0.034482758620689655,
        0.1724137931034483,
        0.13793103448275862,
        0.10344827586206896,
        0.06896551724137931,
        0.13793103448275862,
        0.13793103448275862,
        0.034482758620689655,
        0.10344827586206896
      ],
      [
        0.1,
        0.05,
        0.05,
        0.05,
        0.05,
        0.2,
        0.1,
        0.15,
        0.15,
        0.1
      ],
      [
        0.12121212121212122,
        0.15151515151515152,
        0.15151515151515152,
        0.09090909090909091,
        0.06060606060606061,
        0.06060606060606061,
        0.09090909090909091,
        0.06060606060606061,
        0.12121212121212122,
        0.09090909090909091
      ],
      [
        0.12121212121212122,
        0.18181818181818182,
        0.12121212121212122,
        0.09090909090909091,
        0.030303030303030304,
        0.06060606060606061,
        0.12121212121212122,
        0.06060606060606061,
        0.12121212121212122,
        0.09090909090909091
      ],
      [
        0.09090909090909091,
        0.12121212121212122,
        0.06060606060606061,
        0.09090909090909091,
        0.030303030303030304,
        0.09090909090909091,
        0.15151515151515152,
        0.15151515151515152,
        0.15151515151515152,
        0.06060606060606061
      ],
      [
        0.125,
        0.09375,
        0.15625,
        0.0625,
        0.03125,
        0.1875,
        0.0625,
        0.0625,
        0.0625,
        0.15625
      ],
      [
        0.038461538461538464,
        0.07692307692307693,
        0.15384615384615385,
        0.11538461538461539,
        0.038461538461538464,
        0.15384615384615385,
        0.19230769230769232,
        0.11538461538461539,
        0.07692307692307693,
        0.038461538461538464
      ]
    ],
    "3": [
      [
        0.1111111111111111,
        0.14814814814814814,
        0.1111111111111111,
        0.037037037037037035,
        0.1111111111111111,
        0.07407407407407407,
        0.07407407407407407,
        0.14814814814814814,
        0.1111111111111111,
        0.07407407407407407
      ],
      [
        0.08,
        0.16,
        0.08,
        0.12,
        0.12,
        0.12,
        0.08,
        0.12,
        0.08,
        0.04
      ],
      [
        0.09090909090909091,
        0.030303030303030304,
        0.15151515151515152,
        0.09090909090909091,
        0.15151515151515152,
        0.030303030303030304,
        0.18181818181818182,
        0.12121212121212122,
        0.09090909090909091,
        0.06060606060606061
      ],
      [
        0.09090909090909091,
        0.030303030303030304,
        0.09090909090909091,
        0.15151515151515152,
        0.12121212121212122,
        0.12121212121212122,
        0.06060606060606061,
        0.09090909090909091,
        0.09090909090909091,
        0.15151515151515152
      ],
      [
        0.10256410256410256,
        0.05128205128205128,
        0.1282051282051282,
        0.15384615384615385,
        0.05128205128205128,
        0.10256410256410256,
        0.02564102564102564,
        0.15384615384615385,
        0.1282051282051282,
        0.10256410256410256
      ],
      [
        0.08,
        0.08,
        0.08,
        0.12,
        0.04,
        0.08,
        0.2,
        0.04,
        0.12,
        0.16
      ],
      [
        0.14285714285714285,
        0.03571428571428571,
        0.10714285714285714,
        0.03571428571428571,
        0.10714285714285714,
        0.07142857142857142,
        0.14285714285714285,
        0.17857142857142858,
        0.07142857142857142,
        0.10714285714285714
      ],
      [
        0.08571428571428572,
        0.11428571428571428,
        0.17142857142857143,
        0.14285714285714285,
        0.2,
        0.08571428571428572,
        0.08571428571428572,
        0.05714285714285714,
        0.02857142857142857,
        0.02857142857142857
      ],
      [
        0.038461538461538464,
        0.11538461538461539,
        0.07692307692307693,
        0.15384615384615385,
        0.15384615384615385,
        0.07692307692307693,
        0.038461538461538464,
        0.15384615384615385,
        0.07692307692307693,
        0.11538461538461539
      ],
      [
        0.07142857142857142,
        0.10714285714285714,
        0.07142857142857142,
        0.07142857142857142,
        0.21428571428571427,
        0.07142857142857142,
        0.07142857142857142,
        0.10714285714285714,
        0.10714285714285714,
        0.10714285714285714
      ]
    ],
    "4": [
      [
        0.125,
        0.125,
        0.125,
        0.041666666666666664,
        0.08333333333333333,
        0.125,
        0.125,
        0.08333333333333333,
        0.08333333333333333,
        0.08333333333333333
      ],
      [
        0.07407407407407407,
        0.1111111111111111,
        0.18518518518518517,
        0.1111111111111111,
        0.07407407407407407,
        0.1111111111111111,
        0.07407407407407407,
        0.07407407407407407,
        0.1111111111111111,
        0.07407407407407407
      ],
      [
        0.058823529411764705,
        0.08823529411764706,
        0.11764705882352941,
        0.08823529411764706,
        0.029411764705882353,
        0.058823529411764705,
        0.20588235294117646,
        0.11764705882352941,
        0.08823529411764706,
        0.14705882352941177
      ],
      [
        0.06666666666666667,
        0.06666666666666667,
        0.06666666666666667,
        0.06666666666666667,
        0.2,
        0.13333333333333333,
        0.1,
        0.1,
        0.06666666666666667,
        0.13333333333333333
      ],
      [
        0.07692307692307693,
        0.11538461538461539,
        0.11538461538461539,
        0.11538461538461539,
        0.11538461538461539,
        0.07692307692307693,
        0.07692307692307693,
        0.07692307692307693,
        0.11538461538461539,
        0.11538461538461539
      ],
      [
        0.13793103448275862,
        0.10344827586206896,
        0.10344827586206896,
        0.13793103448275862,
        0.06896551724137931,
        0.034482758620689655,
        0.06896551724137931,
        0.13793103448275862,
        0.10344827586206896,
        0.10344827586206896
      ],
      [
        0.05714285714285714,
        0.08571428571428572,
        0.08571428571428572,
        0.2,
        0.02857142857142857,
        0.11428571428571428,
        0.05714285714285714,
        0.08571428571428572,
        0.2,
        0.08571428571428572
      ],
      [
        0.06896551724137931,
        0.034482758620689655,
        0.13793103448275862,
        0.13793103448275862,
        0.1724137931034483,
        0.10344827586206896,
        0.06896551724137931,
        0.06896551724137931,
        0.06896551724137931,
        0.13793103448275862
      ],
      [
        0.06451612903225806,
        0.12903225806451613,
        0.12903225806451613,
        0.03225806451612903,
        0.06451612903225806,
        0.0967741935483871,
        0.1935483870967742,
        0.0967741935483871,
        0.06451612903225806,
        0.12903225806451613
      ],
      [
        0.08823529411764706,
        0.058823529411764705,
        0.08823529411764706,
        0.058823529411764705,
        0.058823529411764705,
        0.14705882352941177,
        0.14705882352941177,
        0.11764705882352941,
        0.11764705882352941,
        0.11764705882352941
      ]
    ],
    "5": [
      [
        0.04,
        0.16,
        0.04,
        0.12,
        0.08,
        0.16,
        0.12,
        0.12,
        0.04,
        0.12
      ],
      [
        0.14814814814814814,
        0.1111111111111111,
        0.07407407407407407,
        0.1111111111111111,
        0.14814814814814814,
        0.1111111111111111,
        0.07407407407407407,
        0.1111111111111111,
        0.07407407407407407,
        0.037037037037037035
      ],
      [
        0.12,
        0.08,
        0.04,
        0.12,
        0.2,
        0.04,
        0.12,
        0.12,
        0.08,
        0.08
      ],
      [
        0.08333333333333333,
        0.1388888888888889,
        0.08333333333333333,
        0.19444444444444445,
        0.1388888888888889,
        0.027777777777777776,
        0.1388888888888889,
        0.08333333333333333,
        0.05555555555555555,
        0.05555555555555555
      ],
      [
        0.05128205128205128,
        0.07692307692307693,
        0.10256410256410256,
        0.10256410256410256,
        0.1794871794871795,
        0.02564102564102564,
        0.1282051282051282,
        0.07692307692307693,
        0.15384615384615385,
        0.10256410256410256
      ],
      [
        0.030303030303030304,
        0.030303030303030304,
        0.12121212121212122,
        0.21212121212121213,
        0.09090909090909091,
        0.12121212121212122,
        0.09090909090909091,
        0.09090909090909091,
        0.09090909090909091,
        0.12121212121212122
      ],
      [
        0.1,
        0.1,
        0.06666666666666667,
        0.13333333333333333,
        0.06666666666666667,
        0.2,
        0.1,
        0.1,
        0.06666666666666667,
        0.06666666666666667
      ],
      [
        0.13793103448275862,
        0.034482758620689655,
        0.06896551724137931,
        0.06896551724137931,
        0.1724137931034483,
        0.1724137931034483,
        0.034482758620689655,
        0.06896551724137931,
        0.13793103448275862,
        0.10344827586206896
      ],
      [
        0.10344827586206896,
        0.06896551724137931,
        0.20689655172413793,
        0.06896551724137931,
        0.10344827586206896,
        0.06896551724137931,
        0.10344827586206896,
        0.06896551724137931,
        0.10344827586206896,
        0.10344827586206896
      ],
      [
        0.038461538461538464,
        0.11538461538461539,
        0.038461538461538464,
        0.038461538461538464,
        0.11538461538461539,
        0.23076923076923078,
        0.07692307692307693,
        0.15384615384615385,
        0.11538461538461539,
        0.07692307692307693
      ]
    ],
    "6": [
      [
        0.10714285714285714,
        0.17857142857142858,
        0.07142857142857142,
        0.17857142857142858,
        0.10714285714285714,
        0.10714285714285714,
        0.07142857142857142,
        0.07142857142857142,
        0.03571428571428571,
        0.07142857142857142
      ],
      [
        0.125,
        0.15625,
        0.03125,
        0.0625,
        0.15625,
        0.09375,
        0.125,
        0.09375,
        0.09375,
        0.0625
      ],
      [
        0.045454545454545456,
        0.09090909090909091,
        0.045454545454545456,
        0.045454545454545456,
        0.2727272727272727,
        0.045454545454545456,
        0.13636363636363635,
        0.09090909090909091,
        0.09090909090909091,
        0.13636363636363635
      ],
      [
        0.08,
        0.08,
        0.16,
        0.16,
        0.08,
        0.08,
        0.04,
        0.08,
        0.12,
        0.12
      ],
      [
        0.0975609756097561,
        0.0975609756097561,
        0.04878048780487805,
        0.024390243902439025,
        0.1951219512195122,
        0.04878048780487805,
        0.12195121951219512,
        0.17073170731707318,
        0.07317073170731707,
        0.12195121951219512
      ],
      [
        0.07142857142857142,
        0.07142857142857142,
        0.03571428571428571,
        0.07142857142857142,
        0.17857142857142858,
        0.10714285714285714,
        0.10714285714285714,
        0.10714285714285714,
        0.10714285714285714,
        0.14285714285714285
      ],
      [
        0.06666666666666667,
        0.13333333333333333,
        0.1,
        0.06666666666666667,
        0.06666666666666667,
        0.06666666666666667,
        0.13333333333333333,
        0.16666666666666666,
        0.03333333333333333,
        0.16666666666666666
      ],
      [
        0.12121212121212122,
        0.06060606060606061,
        0.09090909090909091,
        0.12121212121212122,
        0.12121212121212122,
        0.09090909090909091,
        0.09090909090909091,
        0.09090909090909091,
        0.12121212121212122,
        0.09090909090909091
      ],
      [
        0.07407407407407407,
        0.14814814814814814,
        0.07407407407407407,
        0.07407407407407407,
        0.037037037037037035,
        0.1111111111111111,
        0.07407407407407407,
        0.14814814814814814,
        0.14814814814814814,
        0.1111111111111111
      ],
      [
        0.12121212121212122,
        0.09090909090909091,
        0.09090909090909091,
        0.06060606060606061,
        0.15151515151515152,
        0.15151515151515152,
        0.09090909090909091,
        0.06060606060606061,
        0.09090909090909091,
        0.09090909090909091
      ]
    ]
  },
  "observations": 200,
  "game_name": "gluecksspirale",
  "last_updated": "2025-12-20T21:25:52.734684"
}