{
  "transitions": {
    "0": [
      [
        0.14814814814814814,
        0.07407407407407407,
        0.14814814814814814,
        0.14814814814814814,
        0.09259259259259259,
        0.07407407407407407,
        0.07407407407407407,
        0.1111111111111111,
        0.037037037037037035,
        0.09259259259259259
      ],
      [
        0.11764705882352941,
        0.07352941176470588,
        0.10294117647058823,
        0.17647058823529413,
        0.10294117647058823,
        0.08823529411764706,
        0.10294117647058823,
        0.058823529411764705,
        0.10294117647058823,
        0.07352941176470588
      ],
      [
        0.07692307692307693,
        0.12307692307692308,
        0.12307692307692308,
        0.1076923076923077,
        0.12307692307692308,
        0.09230769230769231,
        0.06153846153846154,
        0.09230769230769231,
        0.07692307692307693,
        0.12307692307692308
      ],
      [
        0.0379746835443038,
        0.20253164556962025,
        0.12658227848101267,
        0.06329113924050633,
        0.11392405063291139,
        0.06329113924050633,
        0.05063291139240506,
        0.11392405063291139,
        0.16455696202531644,
        0.06329113924050633
      ],
      [
        0.10606060606060606,
        0.15151515151515152,
        0.07575757575757576,
        0.12121212121212122,
        0.09090909090909091,
        0.10606060606060606,
        0.030303030303030304,
        0.09090909090909091,
        0.13636363636363635,
        0.09090909090909091
      ],
      [
        0.10204081632653061,
        0.08163265306122448,
        0.14285714285714285,
        0.08163265306122448,
        0.14285714285714285,
        0.061224489795918366,
        0.08163265306122448,
        0.08163265306122448,
        0.061224489795918366,
        0.16326530612244897
      ],
      [
        0.10638297872340426,
        0.0851063829787234,
        0.06382978723404255,
        0.1702127659574468,
        0.06382978723404255,
        0.06382978723404255,
        0.1702127659574468,
        0.06382978723404255,
        0.10638297872340426,
        0.10638297872340426
      ],
      [
        0.03773584905660377,
        0.09433962264150944,
        0.11320754716981132,
        0.1509433962264151,
        0.11320754716981132,
        0.07547169811320754,
        0.09433962264150944,
        0.07547169811320754,
        0.16981132075471697,
        0.07547169811320754
      ],
      [
        0.10606060606060606,
        0.09090909090909091,
        0.09090909090909091,
        0.15151515151515152,
        0.12121212121212122,
        0.07575757575757576,
        0.09090909090909091,
        0.12121212121212122,
        0.09090909090909091,
        0.06060606060606061
      ],
      [
        0.07692307692307693,
        0.11538461538461539,
        0.09615384615384616,
        0.17307692307692307,
        0.1346153846153846,
        0.11538461538461539,
        0.07692307692307693,
        0.057692307692307696,
        0.11538461538461539,
        0.038461538461538464
      ]
    ],
    "1": [
      [
        0.06896551724137931,
        0.10344827586206896,
        0.1206896551724138,
        0.05172413793103448,
        0.13793103448275862,
        0.08620689655172414,
        0.15517241379310345,
        0.06896551724137931,
        0.1206896551724138,
        0.08620689655172414
      ],
      [
        0.08,
        0.08,
        0.16,
        0.06,
        0.06,
        0.1,
        0.1,
        0.08,
        0.12,
        0.16
      ],
      [
        0.06557377049180328,
        0.08196721311475409,
        0.08196721311475409,
        0.06557377049180328,
        0.13114754098360656,
        0.11475409836065574,
        0.16393442622950818,
        0.06557377049180328,
        0.13114754098360656,
        0.09836065573770492
      ],
      [
        0.2,
        0.1,
        0.08,
        0.12,
        0.12,
        0.06,
        0.12,
        0.08,
        0.04,
        0.08
      ],
      [
        0.1643835616438356,
        0.1232876712328767,
        0.0684931506849315,
        0.0684931506849315,
        0.0958904109589041,
        0.0547945205479452,
        0.1095890410958904,
        0.1232876712328767,
        0.1095890410958904,
        0.0821917808219178
      ],
      [
        0.057692307692307696,
        0.057692307692307696,
        0.15384615384615385,
        0.057692307692307696,
        0.11538461538461539,
        0.057692307692307696,
        0.1346153846153846,
        0.1346153846153846,
        0.057692307692307696,
        0.17307692307692307
      ],
      [
        0.0410958904109589,
        0.0821917808219178,
        0.136986301369863,
        0.1506849315068493,
        0.1506849315068493,
        0.1232876712328767,
        0.1095890410958904,
        0.0547945205479452,
        0.0821917808219178,
        0.0684931506849315
      ],
      [
        0.07692307692307693,
        0.057692307692307696,
        0.07692307692307693,
        0.057692307692307696,
        0.19230769230769232,
        0.11538461538461539,
        0.07692307692307693,
        0.09615384615384616,
        0.1346153846153846,
        0.11538461538461539
      ],
      [
        0.125,
        0.046875,
        0.0625,
        0.09375,
        0.09375,
        0.078125,
        0.109375,
        0.0625,
        0.15625,
        0.171875
      ],
      [
        0.09090909090909091,
        0.09090909090909091,
        0.09090909090909091,
        0.10606060606060606,
        0.12121212121212122,
        0.07575757575757576,
        0.12121212121212122,
        0.10606060606060606,
        0.10606060606060606,
        0.09090909090909091
      ]
    ],
    "2": [
      [
        0.07142857142857142,
        0.05357142857142857,
        0.08928571428571429,
        0.17857142857142858,
        0.08928571428571429,
        0.05357142857142857,
        0.08928571428571429,
        0.08928571428571429,
        0.14285714285714285,
        0.14285714285714285
      ],
      [
        0.06818181818181818,
        0.06818181818181818,
        0.1590909090909091,
        0.09090909090909091,
        0.18181818181818182,
        0.06818181818181818,
        0.06818181818181818,
        0.09090909090909091,
        0.11363636363636363,
        0.09090909090909091
      ],
      [
        0.08955223880597014,
        0.08955223880597014,
        0.1044776119402985,
        0.05970149253731343,
        0.13432835820895522,
        0.1044776119402985,
        0.13432835820895522,
        0.04477611940298507,
        0.16417910447761194,
        0.07462686567164178
      ],
      [
        0.16176470588235295,
        0.014705882352941176,
        0.07352941176470588,
        0.10294117647058823,
        0.058823529411764705,
        0.08823529411764706,
        0.14705882352941177,
        0.11764705882352941,
        0.11764705882352941,
        0.11764705882352941
      ],
      [
        0.045454545454545456,
        0.13636363636363635,
        0.06060606060606061,
        0.12121212121212122,
        0.09090909090909091,
        0.13636363636363635,
        0.07575757575757576,
        0.07575757575757576,
        0.10606060606060606,
        0.15151515151515152
      ],
      [
        0.18867924528301888,
        0.018867924528301886,
        0.18867924528301888,
        0.1320754716981132,
        0.11320754716981132,
        0.07547169811320754,
        0.1320754716981132,
        0.05660377358490566,
        0.05660377358490566,
        0.03773584905660377
      ],
      [
        0.06451612903225806,
        0.14516129032258066,
        0.12903225806451613,
        0.16129032258064516,
        0.08064516129032258,
        0.08064516129032258,
        0.11290322580645161,
        0.04838709677419355,
        0.08064516129032258,
        0.0967741935483871
      ],
      [
        0.04,
        0.04,
        0.12,
        0.08,
        0.14,
        0.06,
        0.08,
        0.14,
        0.16,
        0.14
      ],
      [
        0.07692307692307693,
        0.046153846153846156,
        0.12307692307692308,
        0.09230769230769231,
        0.1076923076923077,
        0.1076923076923077,
        0.07692307692307693,
        0.07692307692307693,
        0.07692307692307693,
        0.2153846153846154
      ],
      [
        0.11764705882352941,
        0.11764705882352941,
        0.10294117647058823,
        0.11764705882352941,
        0.1323529411764706,
        0.08823529411764706,
        0.08823529411764706,
        0.10294117647058823,
        0.07352941176470588,
        0.058823529411764705
      ]
    ],
    "3": [
      [
        0.058823529411764705,
        0.09803921568627451,
        0.17647058823529413,
        0.0392156862745098,
        0.0784313725490196,
        0.09803921568627451,
        0.09803921568627451,
        0.13725490196078433,
        0.1568627450980392,
        0.058823529411764705
      ],
      [
        0.07547169811320754,
        0.05660377358490566,
        0.11320754716981132,
        0.1320754716981132,
        0.05660377358490566,
        0.07547169811320754,
        0.11320754716981132,
        0.1320754716981132,
        0.11320754716981132,
        0.1320754716981132
      ],
      [
        0.12162162162162163,
        0.06756756756756757,
        0.13513513513513514,
        0.12162162162162163,
        0.08108108108108109,
        0.0945945945945946,
        0.12162162162162163,
        0.06756756756756757,
        0.10810810810810811,
        0.08108108108108109
      ],
      [
        0.15789473684210525,
        0.08771929824561403,
        0.10526315789473684,
        0.07017543859649122,
        0.08771929824561403,
        0.12280701754385964,
        0.14035087719298245,
        0.05263157894736842,
        0.05263157894736842,
        0.12280701754385964
      ],
      [
        0.06666666666666667,
        0.13333333333333333,
        0.15,
        0.1,
        0.11666666666666667,
        0.08333333333333333,
        0.11666666666666667,
        0.06666666666666667,
        0.05,
        0.11666666666666667
      ],
      [
        0.0958904109589041,
        0.0821917808219178,
        0.0958904109589041,
        0.0958904109589041,
        0.1643835616438356,
        0.1506849315068493,
        0.0684931506849315,
        0.0410958904109589,
        0.1095890410958904,
        0.0958904109589041
      ],
      [
        0.07017543859649122,
        0.12280701754385964,
        0.12280701754385964,
        0.08771929824561403,
        0.10526315789473684,
        0.15789473684210525,
        0.05263157894736842,
        0.12280701754385964,
        0.12280701754385964,
        0.03508771929824561
      ],
      [
        0.07017543859649122,
        0.07017543859649122,
        0.12280701754385964,
        0.08771929824561403,
        0.15789473684210525,
        0.14035087719298245,
        0.03508771929824561,
        0.10526315789473684,
        0.05263157894736842,
        0.15789473684210525
      ],
      [
        0.05454545454545454,
        0.05454545454545454,
        0.16363636363636364,
        0.12727272727272726,
        0.09090909090909091,
        0.09090909090909091,
        0.10909090909090909,
        0.10909090909090909,
        0.07272727272727272,
        0.12727272727272726
      ],
      [
        0.06451612903225806,
        0.12903225806451613,
        0.06451612903225806,
        0.06451612903225806,
        0.04838709677419355,
        0.1935483870967742,
        0.0967741935483871,
        0.14516129032258066,
        0.08064516129032258,
        0.11290322580645161
      ]
    ],
    "4": [
      [
        0.05,
        0.11666666666666667,
        0.1,
        0.06666666666666667,
        0.03333333333333333,
        0.13333333333333333,
        0.13333333333333333,
        0.13333333333333333,
        0.08333333333333333,
        0.15
      ],
      [
        0.12280701754385964,
        0.12280701754385964,
        0.08771929824561403,
        0.14035087719298245,
        0.07017543859649122,
        0.14035087719298245,
        0.12280701754385964,
        0.10526315789473684,
        0.03508771929824561,
        0.05263157894736842
      ],
      [
        0.09803921568627451,
        0.0392156862745098,
        0.0392156862745098,
        0.13725490196078433,
        0.058823529411764705,
        0.11764705882352941,
        0.17647058823529413,
        0.09803921568627451,
        0.09803921568627451,
        0.13725490196078433
      ],
      [
        0.1016949152542373,
        0.06779661016949153,
        0.0847457627118644,
        0.1016949152542373,
        0.06779661016949153,
        0.11864406779661017,
        0.15254237288135594,
        0.06779661016949153,
        0.11864406779661017,
        0.11864406779661017
      ],
      [
        0.07407407407407407,
        0.12962962962962962,
        0.07407407407407407,
        0.09259259259259259,
        0.09259259259259259,
        0.12962962962962962,
        0.09259259259259259,
        0.14814814814814814,
        0.05555555555555555,
        0.1111111111111111
      ],
      [
        0.07462686567164178,
        0.14925373134328357,
        0.05970149253731343,
        0.13432835820895522,
        0.08955223880597014,
        0.13432835820895522,
        0.1044776119402985,
        0.1044776119402985,
        0.07462686567164178,
        0.07462686567164178
      ],
      [
        0.09523809523809523,
        0.047619047619047616,
        0.06349206349206349,
        0.1111111111111111,
        0.1746031746031746,
        0.07936507936507936,
        0.07936507936507936,
        0.12698412698412698,
        0.1111111111111111,
        0.1111111111111111
      ],
      [
        0.13636363636363635,
        0.10606060606060606,
        0.10606060606060606,
        0.06060606060606061,
        0.09090909090909091,
        0.10606060606060606,
        0.09090909090909091,
        0.06060606060606061,
        0.07575757575757576,
        0.16666666666666666
      ],
      [
        0.09803921568627451,
        0.058823529411764705,
        0.09803921568627451,
        0.058823529411764705,
        0.1568627450980392,
        0.0784313725490196,
        0.0784313725490196,
        0.0784313725490196,
        0.11764705882352941,
        0.17647058823529413
      ],
      [
        0.14084507042253522,
        0.09859154929577464,
        0.1267605633802817,
        0.09859154929577464,
        0.056338028169014086,
        0.08450704225352113,
        0.04225352112676056,
        0.16901408450704225,
        0.08450704225352113,
        0.09859154929577464
      ]
    ],
    "5": [
      [
        0.038461538461538464,
        0.17307692307692307,
        0.11538461538461539,
        0.07692307692307693,
        0.057692307692307696,
        0.11538461538461539,
        0.09615384615384616,
        0.09615384615384616,
        0.11538461538461539,
        0.11538461538461539
      ],
      [
        0.125,
        0.125,
        0.09375,
        0.09375,
        0.078125,
        0.0625,
        0.0625,
        0.125,
        0.109375,
        0.125
      ],
      [
        0.06666666666666667,
        0.1,
        0.08333333333333333,
        0.06666666666666667,
        0.1,
        0.11666666666666667,
        0.13333333333333333,
        0.08333333333333333,
        0.1,
        0.15
      ],
      [
        0.07272727272727272,
        0.12727272727272726,
        0.18181818181818182,
        0.09090909090909091,
        0.12727272727272726,
        0.07272727272727272,
        0.10909090909090909,
        0.09090909090909091,
        0.09090909090909091,
        0.03636363636363636
      ],
      [
        0.078125,
        0.15625,
        0.109375,
        0.0625,
        0.109375,
        0.15625,
        0.09375,
        0.046875,
        0.109375,
        0.078125
      ],
      [
        0.05,
        0.1,
        0.11666666666666667,
        0.13333333333333333,
        0.15,
        0.1,
        0.03333333333333333,
        0.11666666666666667,
        0.11666666666666667,
        0.08333333333333333
      ],
      [
        0.15,
        0.1,
        0.08333333333333333,
        0.05,
        0.08333333333333333,
        0.06666666666666667,
        0.13333333333333333,
        0.11666666666666667,
        0.08333333333333333,
        0.13333333333333333
      ],
      [
        0.08620689655172414,
        0.05172413793103448,
        0.034482758620689655,
        0.1206896551724138,
        0.13793103448275862,
        0.1206896551724138,
        0.10344827586206896,
        0.10344827586206896,
        0.10344827586206896,
        0.13793103448275862
      ],
      [
        0.1111111111111111,
        0.07936507936507936,
        0.1111111111111111,
        0.12698412698412698,
        0.07936507936507936,
        0.07936507936507936,
        0.12698412698412698,
        0.09523809523809523,
        0.09523809523809523,
        0.09523809523809523
      ],
      [
        0.07936507936507936,
        0.07936507936507936,
        0.07936507936507936,
        0.09523809523809523,
        0.14285714285714285,
        0.1111111111111111,
        0.1111111111111111,
        0.09523809523809523,
        0.1111111111111111,
        0.09523809523809523
      ]
    ],
    "6": [
      [
        0.16666666666666666,
        0.03333333333333333,
        0.06666666666666667,
        0.08333333333333333,
        0.13333333333333333,
        0.08333333333333333,
        0.06666666666666667,
        0.16666666666666666,
        0.13333333333333333,
        0.06666666666666667
      ],
      [
        0.12727272727272726,
        0.18181818181818182,
        0.09090909090909091,
        0.07272727272727272,
        0.07272727272727272,
        0.14545454545454545,
        0.09090909090909091,
        0.10909090909090909,
        0.05454545454545454,
        0.05454545454545454
      ],
      [
        0.09090909090909091,
        0.09090909090909091,
        0.07272727272727272,
        0.07272727272727272,
        0.12727272727272726,
        0.12727272727272726,
        0.09090909090909091,
        0.10909090909090909,
        0.07272727272727272,
        0.14545454545454545
      ],
      [
        0.06666666666666667,
        0.06666666666666667,
        0.13333333333333333,
        0.13333333333333333,
        0.16666666666666666,
        0.05,
        0.05,
        0.18333333333333332,
        0.05,
        0.1
      ],
      [
        0.06666666666666667,
        0.11666666666666667,
        0.1,
        0.1,
        0.03333333333333333,
        0.1,
        0.15,
        0.08333333333333333,
        0.15,
        0.1
      ],
      [
        0.03508771929824561,
        0.12280701754385964,
        0.10526315789473684,
        0.10526315789473684,
        0.08771929824561403,
        0.05263157894736842,
        0.15789473684210525,
        0.07017543859649122,
        0.14035087719298245,
        0.12280701754385964
      ],
      [
        0.16129032258064516,
        0.04838709677419355,
        0.08064516129032258,
        0.12903225806451613,
        0.0967741935483871,
        0.04838709677419355,
        0.0967741935483871,
        0.20967741935483872,
        0.04838709677419355,
        0.08064516129032258
      ],
      [
        0.09859154929577464,
        0.09859154929577464,
        0.04225352112676056,
        0.08450704225352113,
        0.1267605633802817,
        0.11267605633802817,
        0.11267605633802817,
        0.056338028169014086,
        0.07042253521126761,
        0.19718309859154928
      ],
      [
        0.125,
        0.07142857142857142,
        0.125,
        0.125,
        0.10714285714285714,
        0.14285714285714285,
        0.08928571428571429,
        0.08928571428571429,
        0.07142857142857142,
        0.05357142857142857
      ],
      [
        0.06349206349206349,
        0.07936507936507936,
        0.12698412698412698,
        0.09523809523809523,
        0.047619047619047616,
        0.09523809523809523,
        0.12698412698412698,
        0.1111111111111111,
        0.14285714285714285,
        0.1111111111111111
      ]
    ]
  },
  "observations": 500,
  "game_name": "spiel77",
  "last_updated": "2025-12-20T21:25:52.241969"
}