{
  "transitions": {
    "0": [
      [
        0.1388888888888889,
        0.1111111111111111,
        0.1111111111111111,
        0.16666666666666666,
        0.05555555555555555,
        0.05555555555555555,
        0.05555555555555555,
        0.09722222222222222,
        0.09722222222222222,
        0.1111111111111111
      ],
      [
        0.11666666666666667,
        0.1,
        0.08333333333333333,
        0.05,
        0.08333333333333333,
        0.1,
        0.11666666666666667,
        0.08333333333333333,
        0.16666666666666666,
        0.1
      ],
      [
        0.2033898305084746,
        0.0847457627118644,
        0.06779661016949153,
        0.0847457627118644,
        0.11864406779661017,
        0.1016949152542373,
        0.15254237288135594,
        0.05084745762711865,
        0.05084745762711865,
        0.0847457627118644
      ],
      [
        0.11864406779661017,
        0.1694915254237288,
        0.1864406779661017,
        0.0847457627118644,
        0.0847457627118644,
        0.15254237288135594,
        0.01694915254237288,
        0.06779661016949153,
        0.06779661016949153,
        0.05084745762711865
      ],
      [
        0.12244897959183673,
        0.10204081632653061,
        0.10204081632653061,
        0.14285714285714285,
        0.04081632653061224,
        0.08163265306122448,
        0.12244897959183673,
        0.10204081632653061,
        0.08163265306122448,
        0.10204081632653061
      ],
      [
        0.09090909090909091,
        0.06060606060606061,
        0.07575757575757576,
        0.06060606060606061,
        0.12121212121212122,
        0.19696969696969696,
        0.09090909090909091,
        0.07575757575757576,
        0.13636363636363635,
        0.09090909090909091
      ],
      [
        0.04918032786885246,
        0.11475409836065574,
        0.11475409836065574,
        0.08196721311475409,
        0.04918032786885246,
        0.16393442622950818,
        0.08196721311475409,
        0.14754098360655737,
        0.09836065573770492,
        0.09836065573770492
      ],
      [
        0.1206896551724138,
        0.05172413793103448,
        0.08620689655172414,
        0.10344827586206896,
        0.034482758620689655,
        0.10344827586206896,
        0.1724137931034483,
        0.08620689655172414,
        0.10344827586206896,
        0.13793103448275862
      ],
      [
        0.1206896551724138,
        0.13793103448275862,
        0.08620689655172414,
        0.08620689655172414,
        0.1206896551724138,
        0.06896551724137931,
        0.08620689655172414,
        0.13793103448275862,
        0.10344827586206896,
        0.05172413793103448
      ],
      [
        0.14035087719298245,
        0.07017543859649122,
        0.07017543859649122,
        0.12280701754385964,
        0.10526315789473684,
        0.07017543859649122,
        0.12280701754385964,
        0.12280701754385964,
        0.05263157894736842,
        0.12280701754385964
      ]
    ],
    "1": [
      [
        0.10344827586206896,
        0.05172413793103448,
        0.15517241379310345,
        0.13793103448275862,
        0.08620689655172414,
        0.13793103448275862,
        0.10344827586206896,
        0.06896551724137931,
        0.034482758620689655,
        0.1206896551724138
      ],
      [
        0.07692307692307693,
        0.057692307692307696,
        0.09615384615384616,
        0.07692307692307693,
        0.09615384615384616,
        0.11538461538461539,
        0.11538461538461539,
        0.1346153846153846,
        0.11538461538461539,
        0.11538461538461539
      ],
      [
        0.1111111111111111,
        0.07936507936507936,
        0.1111111111111111,
        0.07936507936507936,
        0.1111111111111111,
        0.1746031746031746,
        0.031746031746031744,
        0.1111111111111111,
        0.1111111111111111,
        0.07936507936507936
      ],
      [
        0.07352941176470588,
        0.10294117647058823,
        0.11764705882352941,
        0.1323529411764706,
        0.11764705882352941,
        0.1323529411764706,
        0.058823529411764705,
        0.058823529411764705,
        0.07352941176470588,
        0.1323529411764706
      ],
      [
        0.11475409836065574,
        0.11475409836065574,
        0.06557377049180328,
        0.14754098360655737,
        0.09836065573770492,
        0.06557377049180328,
        0.11475409836065574,
        0.06557377049180328,
        0.09836065573770492,
        0.11475409836065574
      ],
      [
        0.11764705882352941,
        0.11764705882352941,
        0.10294117647058823,
        0.10294117647058823,
        0.08823529411764706,
        0.058823529411764705,
        0.08823529411764706,
        0.07352941176470588,
        0.11764705882352941,
        0.1323529411764706
      ],
      [
        0.0784313725490196,
        0.058823529411764705,
        0.17647058823529413,
        0.11764705882352941,
        0.09803921568627451,
        0.09803921568627451,
        0.0392156862745098,
        0.058823529411764705,
        0.13725490196078433,
        0.13725490196078433
      ],
      [
        0.1206896551724138,
        0.08620689655172414,
        0.10344827586206896,
        0.1206896551724138,
        0.08620689655172414,
        0.10344827586206896,
        0.13793103448275862,
        0.13793103448275862,
        0.08620689655172414,
        0.017241379310344827
      ],
      [
        0.03571428571428571,
        0.125,
        0.08928571428571429,
        0.16071428571428573,
        0.125,
        0.125,
        0.05357142857142857,
        0.125,
        0.03571428571428571,
        0.125
      ],
      [
        0.125,
        0.0625,
        0.046875,
        0.078125,
        0.09375,
        0.125,
        0.109375,
        0.140625,
        0.125,
        0.09375
      ]
    ],
    "2": [
      [
        0.13793103448275862,
        0.06896551724137931,
        0.15517241379310345,
        0.1206896551724138,
        0.08620689655172414,
        0.15517241379310345,
        0.05172413793103448,
        0.06896551724137931,
        0.08620689655172414,
        0.06896551724137931
      ],
      [
        0.12244897959183673,
        0.08163265306122448,
        0.10204081632653061,
        0.08163265306122448,
        0.10204081632653061,
        0.10204081632653061,
        0.04081632653061224,
        0.1836734693877551,
        0.10204081632653061,
        0.08163265306122448
      ],
      [
        0.06349206349206349,
        0.14285714285714285,
        0.09523809523809523,
        0.09523809523809523,
        0.1111111111111111,
        0.12698412698412698,
        0.06349206349206349,
        0.14285714285714285,
        0.06349206349206349,
        0.09523809523809523
      ],
      [
        0.07692307692307693,
        0.03076923076923077,
        0.06153846153846154,
        0.09230769230769231,
        0.15384615384615385,
        0.12307692307692308,
        0.13846153846153847,
        0.13846153846153847,
        0.12307692307692308,
        0.06153846153846154
      ],
      [
        0.1016949152542373,
        0.0847457627118644,
        0.11864406779661017,
        0.06779661016949153,
        0.05084745762711865,
        0.15254237288135594,
        0.15254237288135594,
        0.06779661016949153,
        0.1016949152542373,
        0.1016949152542373
      ],
      [
        0.11290322580645161,
        0.0967741935483871,
        0.1774193548387097,
        0.0967741935483871,
        0.06451612903225806,
        0.06451612903225806,
        0.0967741935483871,
        0.14516129032258066,
        0.08064516129032258,
        0.06451612903225806
      ],
      [
        0.14035087719298245,
        0.03508771929824561,
        0.08771929824561403,
        0.08771929824561403,
        0.14035087719298245,
        0.08771929824561403,
        0.08771929824561403,
        0.17543859649122806,
        0.10526315789473684,
        0.05263157894736842
      ],
      [
        0.12,
        0.09333333333333334,
        0.10666666666666667,
        0.14666666666666667,
        0.08,
        0.04,
        0.09333333333333334,
        0.09333333333333334,
        0.09333333333333334,
        0.13333333333333333
      ],
      [
        0.03508771929824561,
        0.10526315789473684,
        0.03508771929824561,
        0.15789473684210525,
        0.10526315789473684,
        0.08771929824561403,
        0.10526315789473684,
        0.08771929824561403,
        0.14035087719298245,
        0.14035087719298245
      ],
      [
        0.05555555555555555,
        0.09259259259259259,
        0.09259259259259259,
        0.12962962962962962,
        0.09259259259259259,
        0.1111111111111111,
        0.1111111111111111,
        0.16666666666666666,
        0.05555555555555555,
        0.09259259259259259
      ]
    ],
    "3": [
      [
        0.109375,
        0.109375,
        0.09375,
        0.09375,
        0.140625,
        0.125,
        0.0625,
        0.09375,
        0.109375,
        0.0625
      ],
      [
        0.09090909090909091,
        0.10909090909090909,
        0.16363636363636364,
        0.10909090909090909,
        0.10909090909090909,
        0.01818181818181818,
        0.12727272727272726,
        0.07272727272727272,
        0.07272727272727272,
        0.12727272727272726
      ],
      [
        0.10714285714285714,
        0.05357142857142857,
        0.08928571428571429,
        0.07142857142857142,
        0.125,
        0.07142857142857142,
        0.14285714285714285,
        0.19642857142857142,
        0.125,
        0.017857142857142856
      ],
      [
        0.08695652173913043,
        0.08695652173913043,
        0.10869565217391304,
        0.08695652173913043,
        0.043478260869565216,
        0.13043478260869565,
        0.13043478260869565,
        0.08695652173913043,
        0.13043478260869565,
        0.10869565217391304
      ],
      [
        0.13846153846153847,
        0.09230769230769231,
        0.09230769230769231,
        0.046153846153846156,
        0.07692307692307693,
        0.07692307692307693,
        0.09230769230769231,
        0.13846153846153847,
        0.13846153846153847,
        0.1076923076923077
      ],
      [
        0.09259259259259259,
        0.12962962962962962,
        0.05555555555555555,
        0.05555555555555555,
        0.1111111111111111,
        0.12962962962962962,
        0.1111111111111111,
        0.12962962962962962,
        0.09259259259259259,
        0.09259259259259259
      ],
      [
        0.1044776119402985,
        0.13432835820895522,
        0.1044776119402985,
        0.07462686567164178,
        0.05970149253731343,
        0.08955223880597014,
        0.16417910447761194,
        0.14925373134328357,
        0.04477611940298507,
        0.07462686567164178
      ],
      [
        0.13333333333333333,
        0.08,
        0.06666666666666667,
        0.05333333333333334,
        0.16,
        0.10666666666666667,
        0.10666666666666667,
        0.09333333333333334,
        0.14666666666666667,
        0.05333333333333334
      ],
      [
        0.06060606060606061,
        0.045454545454545456,
        0.10606060606060606,
        0.10606060606060606,
        0.10606060606060606,
        0.09090909090909091,
        0.09090909090909091,
        0.15151515151515152,
        0.13636363636363635,
        0.10606060606060606
      ],
      [
        0.11764705882352941,
        0.0784313725490196,
        0.058823529411764705,
        0.0784313725490196,
        0.1568627450980392,
        0.058823529411764705,
        0.09803921568627451,
        0.13725490196078433,
        0.09803921568627451,
        0.11764705882352941
      ]
    ],
    "4": [
      [
        0.13333333333333333,
        0.1,
        0.1,
        0.11666666666666667,
        0.13333333333333333,
        0.1,
        0.11666666666666667,
        0.06666666666666667,
        0.06666666666666667,
        0.06666666666666667
      ],
      [
        0.1,
        0.1,
        0.06666666666666667,
        0.13333333333333333,
        0.11666666666666667,
        0.05,
        0.1,
        0.15,
        0.08333333333333333,
        0.1
      ],
      [
        0.14285714285714285,
        0.07142857142857142,
        0.07142857142857142,
        0.08928571428571429,
        0.10714285714285714,
        0.08928571428571429,
        0.125,
        0.125,
        0.10714285714285714,
        0.07142857142857142
      ],
      [
        0.09090909090909091,
        0.07272727272727272,
        0.05454545454545454,
        0.07272727272727272,
        0.09090909090909091,
        0.16363636363636364,
        0.12727272727272726,
        0.12727272727272726,
        0.03636363636363636,
        0.16363636363636364
      ],
      [
        0.0847457627118644,
        0.13559322033898305,
        0.11864406779661017,
        0.06779661016949153,
        0.1016949152542373,
        0.0847457627118644,
        0.0847457627118644,
        0.1016949152542373,
        0.13559322033898305,
        0.0847457627118644
      ],
      [
        0.08771929824561403,
        0.12280701754385964,
        0.07017543859649122,
        0.07017543859649122,
        0.05263157894736842,
        0.12280701754385964,
        0.12280701754385964,
        0.15789473684210525,
        0.08771929824561403,
        0.10526315789473684
      ],
      [
        0.13636363636363635,
        0.10606060606060606,
        0.09090909090909091,
        0.09090909090909091,
        0.10606060606060606,
        0.09090909090909091,
        0.10606060606060606,
        0.09090909090909091,
        0.09090909090909091,
        0.09090909090909091
      ],
      [
        0.028985507246376812,
        0.07246376811594203,
        0.17391304347826086,
        0.11594202898550725,
        0.11594202898550725,
        0.10144927536231885,
        0.10144927536231885,
        0.10144927536231885,
        0.08695652173913043,
        0.10144927536231885
      ],
      [
        0.10909090909090909,
        0.10909090909090909,
        0.07272727272727272,
        0.07272727272727272,
        0.05454545454545454,
        0.10909090909090909,
        0.09090909090909091,
        0.14545454545454545,
        0.09090909090909091,
        0.14545454545454545
      ],
      [
        0.08064516129032258,
        0.11290322580645161,
        0.0967741935483871,
        0.0967741935483871,
        0.0967741935483871,
        0.04838709677419355,
        0.12903225806451613,
        0.0967741935483871,
        0.12903225806451613,
        0.11290322580645161
      ]
    ],
    "5": [
      [
        0.0967741935483871,
        0.06451612903225806,
        0.08064516129032258,
        0.04838709677419355,
        0.04838709677419355,
        0.1774193548387097,
        0.0967741935483871,
        0.16129032258064516,
        0.11290322580645161,
        0.11290322580645161
      ],
      [
        0.01694915254237288,
        0.06779661016949153,
        0.15254237288135594,
        0.13559322033898305,
        0.1016949152542373,
        0.03389830508474576,
        0.13559322033898305,
        0.06779661016949153,
        0.11864406779661017,
        0.1694915254237288
      ],
      [
        0.09090909090909091,
        0.10909090909090909,
        0.07272727272727272,
        0.14545454545454545,
        0.12727272727272726,
        0.07272727272727272,
        0.09090909090909091,
        0.09090909090909091,
        0.03636363636363636,
        0.16363636363636364
      ],
      [
        0.057971014492753624,
        0.057971014492753624,
        0.14492753623188406,
        0.14492753623188406,
        0.11594202898550725,
        0.057971014492753624,
        0.10144927536231885,
        0.17391304347826086,
        0.043478260869565216,
        0.10144927536231885
      ],
      [
        0.10144927536231885,
        0.13043478260869565,
        0.08695652173913043,
        0.11594202898550725,
        0.13043478260869565,
        0.10144927536231885,
        0.07246376811594203,
        0.11594202898550725,
        0.057971014492753624,
        0.08695652173913043
      ],
      [
        0.1509433962264151,
        0.1320754716981132,
        0.07547169811320754,
        0.09433962264150944,
        0.1509433962264151,
        0.03773584905660377,
        0.09433962264150944,
        0.03773584905660377,
        0.1509433962264151,
        0.07547169811320754
      ],
      [
        0.12727272727272726,
        0.10909090909090909,
        0.07272727272727272,
        0.07272727272727272,
        0.10909090909090909,
        0.12727272727272726,
        0.09090909090909091,
        0.05454545454545454,
        0.14545454545454545,
        0.09090909090909091
      ],
      [
        0.14035087719298245,
        0.14035087719298245,
        0.03508771929824561,
        0.19298245614035087,
        0.12280701754385964,
        0.08771929824561403,
        0.10526315789473684,
        0.08771929824561403,
        0.05263157894736842,
        0.03508771929824561
      ],
      [
        0.1206896551724138,
        0.08620689655172414,
        0.08620689655172414,
        0.08620689655172414,
        0.15517241379310345,
        0.06896551724137931,
        0.10344827586206896,
        0.10344827586206896,
        0.10344827586206896,
        0.08620689655172414
      ],
      [
        0.14516129032258066,
        0.0967741935483871,
        0.0967741935483871,
        0.11290322580645161,
        0.0967741935483871,
        0.11290322580645161,
        0.03225806451612903,
        0.03225806451612903,
        0.16129032258064516,
        0.11290322580645161
      ]
    ]
  },
  "observations": 500,
  "game_name": "super6",
  "last_updated": "2025-12-20T21:25:52.572468"
}